# landmarks X, Y
272 542
260 491
268 500
254 438
258 476
261 455
270 400
194 383
272 363
271 344
274 264
272 546
273 549
274 551
274 551
274 556
274 562
275 568
279 579
262 497
252 494
161 323
227 396
215 397
203 397
190 388
237 394
208 360
222 362
195 362
188 367
180 398
238 599
190 379
158 386
170 389
213 464
258 539
261 548
247 540
241 541
252 546
246 545
226 549
249 490
246 476
173 361
240 427
229 479
230 470
179 458
250 456
197 349
181 353
166 300
248 362
235 367
216 537
182 518
238 487
248 492
233 543
236 544
177 345
231 483
218 352
216 341
202 272
169 320
207 304
168 354
162 338
259 544
250 543
243 543
242 490
234 544
238 547
237 544
240 486
248 547
255 548
263 550
264 577
261 566
260 560
261 555
263 550
248 547
245 549
243 551
241 554
224 517
171 444
265 499
243 546
240 547
252 498
236 491
250 495
228 434
207 443
230 474
178 283
183 309
193 339
236 560
244 345
235 303
233 266
194 394
169 408
244 391
178 374
247 419
233 476
158 417
174 418
187 425
209 423
226 418
238 412
259 403
159 448
171 373
255 496
239 444
164 380
247 405
231 473
185 381
235 465
175 480
244 386
241 459
192 561
199 575
158 447
179 539
160 359
237 613
259 498
229 453
163 390
205 388
215 389
236 548
162 477
261 635
228 612
215 597
272 303
287 640
226 388
235 387
241 386
165 370
234 375
223 370
212 369
201 371
195 375
160 348
198 386
270 511
233 511
237 486
253 510
273 380
208 581
222 597
257 625
190 551
241 381
250 427
284 630
242 625
163 479
254 548
252 552
250 556
249 561
248 570
241 545
238 543
236 542
217 526
173 488
253 410
251 378
245 378
243 546
177 521
259 380
243 584
264 436
256 421
267 419
241 450
281 615
280 596
261 593
215 555
222 484
228 571
194 480
211 497
187 501
257 611
237 457
207 566
223 583
204 538
168 502
191 539
170 510
204 514
244 435
236 484
232 484
238 476
242 367
221 359
203 357
189 359
181 365
179 385
156 416
185 404
196 409
212 409
227 406
239 402
246 399
168 411
234 487
246 443
241 487
250 493
243 488
238 490
252 495
255 497
248 387
253 392
254 395
192 377
184 373
277 438
381 384
281 495
465 317
339 399
353 400
368 399
390 388
327 396
358 357
341 359
374 359
385 365
405 398
338 605
388 378
471 385
427 387
351 466
289 539
289 548
307 540
319 541
304 546
315 545
350 554
272 491
273 476
405 356
320 427
314 480
317 471
400 461
274 456
360 345
384 348
441 294
297 360
328 365
362 541
471 526
305 489
293 493
336 543
333 544
394 339
318 485
331 348
332 337
363 266
421 315
350 300
419 348
444 333
289 544
305 544
317 543
302 491
334 543
327 547
331 544
294 488
314 547
303 548
289 550
298 579
292 566
290 561
289 555
289 550
314 547
316 549
318 551
320 554
338 520
488 447
323 545
325 546
288 499
315 492
290 496
336 435
361 445
321 476
408 276
391 303
365 334
336 564
299 342
311 301
320 263
382 395
425 408
319 393
403 371
309 419
302 478
449 419
410 421
387 428
357 426
336 420
321 415
285 403
446 451
418 370
270 497
317 444
488 378
309 409
325 475
395 378
305 466
483 485
320 388
289 460
420 571
427 586
473 451
443 548
459 356
344 621
271 498
332 454
446 387
364 391
351 392
329 548
446 482
318 639
371 621
397 607
340 391
329 389
323 389
435 364
333 374
345 368
358 366
370 368
379 372
479 343
373 387
321 513
303 488
290 511
394 591
371 607
315 630
451 560
324 383
293 427
345 632
469 485
302 548
304 552
306 556
307 561
319 573
325 544
327 543
329 542
353 530
418 493
296 410
306 379
317 378
323 545
428 528
290 382
329 589
281 421
304 451
304 596
367 562
340 486
350 577
377 483
355 500
394 506
310 614
315 457
384 574
362 591
379 544
445 508
404 546
462 517
370 518
305 436
297 485
310 486
288 477
315 366
337 357
357 354
376 356
392 362
409 384
474 418
394 406
377 411
356 412
337 409
324 405
314 401
489 412
311 488
290 443
284 488
280 494
287 490
309 492
276 496
277 497
314 389
306 394
299 398
384 375
393 371
221 379
236 380
222 366
207 379
221 392
360 379
376 379
360 365
345 379
361 392
